229
8482
4460
256
8480
296
324
407
655
698
950
1028
1074
1077
1082
1086
4794
1188
1211
7787
1442
1455
1503
1605
1716
8000
1839
8668
9344
8299
2006
2018
2089
5213
8836
8385
8821
2277
2283
8394
7788
7998
2380
2548
7946
2687
2777
8498
2802
2911
278
4350
191
7836
429
471
6967
4686
791
795
4689
2793
898
914
4699
4700
7162
1113
4786
4828
1234
5604
4891
1333
1404
4975
4893
6173
7291
1729
6203
1805
7843
5144
7424
1967
7812
3275
2914
2076
5350
5292
5331
5355
6215
5364
5362
2311
2318
2329
5387
2351
6329
6116
5934
6463
8449
7621
2569
2581
5961
2690
9447
2734
2769
2791
6098
2876
2903
5557
6797
5497
7058
3007
4227
5654
193
7026
5666
5781
4525
3978
6981
7001
6637
647
7043
7081
7108
4783
1216
1334
7173
4960
1551
7338
4983
5070
2447
7434
7444
5359
5464
7708
5551
2912
423
1283
1960
4875
1786
6488
2907
295
7787
451
608
700
9311
843
891
1069
1129
9317
9345
1619
1773
2205
9389
2491
2502
7456
2735
2773
2803
1038
6113
328
4426
540
647
941
1235
1346
2083
2231
2416
2425
9258
2156
3107
9063
97
1193
1693
3245
8338
1262
7281
8208
1487
1775
1764
1844
7425
2620
1867
1949
3245
8343
8034
2316
991
2927
4175
2634
2710
2843