3011
267
996
2722
1051
2620
9275
93
903
477
2855
3691
1893
4118
2273
4154
1146
413
1877
4284
2179
860
561
330
1170
1170
736
9312
9329
9365
9400
475
618
388
656
654
1003
959
677
1100
1084
1187
1361
68
1145
117
1134
1508
1467
1257
1144
1599
1776
894
1850
1129
1852
1283
1892
1838
2124
1982
1237
1765
2073
138
2152
145
2554
2343
2495
306
798
402
141
208
1046
165
2256
1458
2425
380
231
398
2505
744
1694
146
2654
2723
2514
2303
2874
1038
6154
2879
2161
2154
1849
2334
1966
2231
1848
2394
2677
936
2102
767
1524
2601
265
1884
1895
2046
2710
399
85
2700
2883
130
1566
6986
1193
1329
296
1339
2772
2575
2891
1474
7789
241
1236
407
1609
617
801
1194
1625
8429
256
1678
2105
189
1939
781
1042
510
2207
2763
1464
913
985
1466
641
295
1400