4733
197
2490
163
2417
2495
1216
2748
2751
5222
1332
1390
1392
7820
9295
2224
1473
1598
422
3106
354
1031
841
9400
4127
3674
2015
1124
1862
9345
4033
57
9278
1264
2677
9358
2627
9363
5335
63
491
153
1133
1597
2423
2873
2249
529
751
1408
6532
1245
2806
2252
4109
1410
7151
2530
2231
3613
1877
7009
1620
4119
2376
5185
5688
1409
136
2749
2423
2438
4038
1104
5553
2890
117
5588
3534
9025
1013
43
148
3974
239
3902
632
843
4263
884
4218
4745
3568
1369
1368
3909
1458
3152
3034
2456
97
1226
4129
4408
4409
3769
1194
9094
541
542
4311
8370
2727
2880
3063
9341
6724
791
170
3283
1407
6150
64
4185
1634
4043
3816
985
1464
2436
2765
4640